	A50HnCp7r4	A50HnCp7r6	A50HnCp7r14	A50HnCp7r11	A50HnCp7r10	A50HnCp7r7	A50HnCp7r2	A50HnCp7r13	A50HnCp7r8	A50HnCp7r15	A50HnCp7r5	A50HnCp7r9	A50HnCp7r1	A50HnCp7r12	A50HnCp7r3	IR24HnCp7r14	IR24HnCp7r13	IR24HnCp7r1	IR24HnCp7r12	IR24HnCp7r11	IR24HnCp7r10	IR24HnCp7r4	IR24HnCp7r8	IR24HnCp7r6	IR24HnCp7r9	IR24HnCp7r5	IR24HnCp7r3	IR24HnCp7r15	IR24HnCp7r2	IR24HnCp7r7	A50HnSz7r6	A50HnSz7r9	A50HnSz7r14	A50HnSz7r1	A50HnSz7r7	A50HnSz7r8	A50HnSz7r5	A50HnSz7r12	A50HnSz7r10	A50HnSz7r13	A50HnSz7r4	A50HnSz7r11	A50HnSz7r15	A50HnSz7r3	A50HnSz7r2	IR24HnSz7r11	IR24HnSz7r12	IR24HnSz7r17	IR24HnSz7r13	IR24HnSz7r7	IR24HnSz7r14	IR24HnSz7r1	IR24HnSz7r6	IR24HnSz7r2	IR24HnSz7r5	IR24HnSz7r16	IR24HnSz7r8	IR24HnSz7r4	IR24HnSz7r15	IR24HnSz7r3	IR24HnSz7r10	IR24HnSz7r9
A50HnCp7r4	0.0	0.3315	0.289	0.3006	0.294	0.2929	0.3714	0.2845	0.3166	0.2716	0.2934	0.2952	0.3221	0.3203	0.3028	0.3753	0.3834	0.3883	0.3469	0.3568	0.3604	0.4143	0.3522	0.4159	0.4007	0.4001	0.3566	0.3854	0.3666	0.3704	0.4474	0.4589	0.4725	0.4901	0.4508	0.4364	0.4815	0.4433	0.4503	0.402	0.4837	0.4099	0.4353	0.4333	0.4747	0.4734	0.4885	0.4554	0.4671	0.4843	0.4496	0.487	0.489	0.4234	0.465	0.4973	0.508	0.4679	0.476	0.4589	0.5539	0.4364
A50HnCp7r6	0.3315	0.0	0.3291	0.3377	0.3437	0.3017	0.3335	0.34	0.3491	0.3325	0.3034	0.354	0.3324	0.3843	0.3603	0.3897	0.3801	0.3804	0.3455	0.3462	0.3992	0.3971	0.3773	0.4235	0.4012	0.408	0.3716	0.3745	0.3591	0.3854	0.4414	0.4987	0.4745	0.4992	0.483	0.4384	0.4855	0.4392	0.4789	0.4162	0.5001	0.4425	0.4305	0.4253	0.4756	0.4564	0.5044	0.4552	0.4537	0.4813	0.4442	0.494	0.4791	0.4402	0.4894	0.4902	0.4959	0.4552	0.4815	0.4715	0.5202	0.4428
A50HnCp7r14	0.289	0.3291	0.0	0.3091	0.2903	0.2887	0.3757	0.2683	0.3217	0.2724	0.3205	0.3301	0.3368	0.3321	0.2876	0.3581	0.364	0.3502	0.3317	0.3364	0.3488	0.3863	0.339	0.3974	0.3866	0.3992	0.3332	0.3744	0.3501	0.3744	0.453	0.4859	0.4855	0.4884	0.4549	0.4399	0.4881	0.4492	0.4588	0.4069	0.4902	0.4167	0.4405	0.44	0.4719	0.4645	0.492	0.4111	0.4614	0.4633	0.4519	0.4808	0.4412	0.4127	0.4271	0.4452	0.5049	0.4743	0.493	0.4234	0.5427	0.4381
A50HnCp7r11	0.3006	0.3377	0.3091	0.0	0.3198	0.2865	0.3664	0.3231	0.3347	0.3211	0.323	0.3278	0.3545	0.3382	0.3278	0.391	0.3934	0.3804	0.3559	0.3647	0.4122	0.4094	0.3634	0.4349	0.4243	0.4033	0.3675	0.3932	0.3731	0.3908	0.4798	0.4991	0.4898	0.5192	0.4596	0.4623	0.509	0.4535	0.4836	0.4251	0.5222	0.4265	0.4611	0.4573	0.4944	0.464	0.5178	0.4539	0.479	0.5117	0.4625	0.494	0.4946	0.4453	0.4926	0.4832	0.5031	0.4931	0.4966	0.4769	0.5498	0.4543
A50HnCp7r10	0.294	0.3437	0.2903	0.3198	0.0	0.2986	0.4144	0.2484	0.323	0.2787	0.3344	0.3145	0.3535	0.3682	0.2997	0.3678	0.3515	0.3737	0.3632	0.3512	0.3666	0.4058	0.3308	0.3941	0.3877	0.3895	0.3422	0.3674	0.3656	0.3474	0.4574	0.4984	0.4841	0.5015	0.4489	0.4421	0.4956	0.4484	0.4611	0.4181	0.4894	0.4262	0.4318	0.4477	0.4715	0.4856	0.5018	0.4332	0.4672	0.4744	0.4593	0.4848	0.4596	0.4181	0.4329	0.464	0.5275	0.4876	0.4814	0.4366	0.5725	0.4429
A50HnCp7r7	0.2929	0.3017	0.2887	0.2865	0.2986	0.0	0.3362	0.3038	0.3022	0.2942	0.3018	0.318	0.323	0.3379	0.3107	0.3585	0.3574	0.3308	0.3282	0.3221	0.3454	0.3548	0.3495	0.3852	0.3786	0.4061	0.3254	0.3606	0.3453	0.3375	0.4406	0.4834	0.4718	0.4938	0.4857	0.4394	0.4802	0.4332	0.4712	0.3963	0.4991	0.4261	0.4271	0.4266	0.4707	0.4579	0.4949	0.4077	0.4293	0.4493	0.4354	0.4763	0.444	0.4011	0.4304	0.4485	0.4814	0.4376	0.4696	0.4242	0.5128	0.4287
A50HnCp7r2	0.3714	0.3335	0.3757	0.3664	0.4144	0.3362	0.0	0.4021	0.3695	0.3738	0.3135	0.4072	0.3213	0.362	0.3788	0.3919	0.4009	0.4067	0.3796	0.3663	0.4126	0.3826	0.4064	0.4278	0.4349	0.4168	0.4006	0.3835	0.3953	0.3869	0.4675	0.5039	0.4641	0.4917	0.5076	0.4434	0.4822	0.4409	0.4827	0.4604	0.4913	0.4423	0.463	0.4355	0.4682	0.4577	0.51	0.4755	0.4605	0.4947	0.4461	0.5069	0.499	0.469	0.5004	0.4765	0.4802	0.4634	0.4829	0.4894	0.4947	0.472
A50HnCp7r13	0.2845	0.34	0.2683	0.3231	0.2484	0.3038	0.4021	0.0	0.3315	0.2635	0.32	0.3166	0.3367	0.3611	0.2706	0.36	0.3156	0.3792	0.3571	0.3491	0.3309	0.4052	0.341	0.3842	0.3665	0.3939	0.3236	0.3585	0.3528	0.3335	0.4612	0.4798	0.4851	0.4894	0.439	0.4372	0.4898	0.4443	0.4631	0.4052	0.4982	0.4223	0.4318	0.448	0.4777	0.4773	0.4985	0.4336	0.4641	0.4754	0.4639	0.4777	0.4567	0.4121	0.4369	0.4624	0.5153	0.4864	0.4809	0.4237	0.5657	0.4462
A50HnCp7r8	0.3166	0.3491	0.3217	0.3347	0.323	0.3022	0.3695	0.3315	0.0	0.2976	0.3244	0.3291	0.3286	0.3284	0.3397	0.3641	0.3946	0.2969	0.3771	0.3603	0.3846	0.4045	0.3893	0.4172	0.4463	0.463	0.3832	0.4103	0.4091	0.3913	0.4743	0.5285	0.512	0.5339	0.5071	0.4626	0.524	0.5008	0.4909	0.4441	0.5087	0.4732	0.4775	0.4715	0.5056	0.4881	0.5369	0.4148	0.4652	0.481	0.4668	0.5027	0.4557	0.4402	0.4479	0.449	0.5286	0.4779	0.4967	0.4506	0.5373	0.4599
A50HnCp7r15	0.2716	0.3325	0.2724	0.3211	0.2787	0.2942	0.3738	0.2635	0.2976	0.0	0.3063	0.335	0.3274	0.3479	0.2717	0.3278	0.3297	0.3538	0.3298	0.3082	0.315	0.3731	0.3288	0.3615	0.3555	0.3965	0.3201	0.3262	0.3393	0.331	0.4512	0.4797	0.4742	0.4964	0.4788	0.4365	0.4803	0.4552	0.4569	0.4151	0.4906	0.4284	0.4403	0.4326	0.4769	0.469	0.4922	0.4158	0.451	0.4516	0.4532	0.464	0.4467	0.418	0.4306	0.4367	0.5041	0.4669	0.4737	0.4155	0.5389	0.4461
A50HnCp7r5	0.2934	0.3034	0.3205	0.323	0.3344	0.3018	0.3135	0.32	0.3244	0.3063	0.0	0.3202	0.2847	0.306	0.3383	0.3685	0.372	0.383	0.3504	0.3501	0.3978	0.3964	0.3695	0.4199	0.423	0.4088	0.3633	0.3889	0.376	0.3711	0.441	0.4725	0.4558	0.4836	0.4758	0.4292	0.465	0.4296	0.4462	0.4307	0.472	0.4093	0.4501	0.43	0.4548	0.4682	0.4945	0.4659	0.4694	0.4871	0.4371	0.5005	0.4872	0.4504	0.4893	0.4971	0.4813	0.4537	0.4684	0.4863	0.5221	0.4494
A50HnCp7r9	0.2952	0.354	0.3301	0.3278	0.3145	0.318	0.4072	0.3166	0.3291	0.335	0.3202	0.0	0.3024	0.3359	0.3361	0.3769	0.4165	0.3728	0.3946	0.4083	0.397	0.4492	0.3985	0.4639	0.4688	0.4475	0.3942	0.4406	0.404	0.4045	0.4347	0.4494	0.452	0.4799	0.4372	0.4434	0.4939	0.4678	0.4337	0.3935	0.4706	0.3871	0.4407	0.4454	0.4571	0.5006	0.5005	0.4744	0.4951	0.4851	0.4743	0.4621	0.5171	0.4374	0.4541	0.5134	0.5417	0.4873	0.4839	0.4725	0.5733	0.4492
A50HnCp7r1	0.3221	0.3324	0.3368	0.3545	0.3535	0.323	0.3213	0.3367	0.3286	0.3274	0.2847	0.3024	0.0	0.3263	0.3329	0.3772	0.3997	0.3887	0.367	0.3734	0.3806	0.4153	0.4033	0.4357	0.4493	0.4431	0.3854	0.4143	0.3674	0.3883	0.4082	0.4429	0.427	0.436	0.4464	0.4116	0.4447	0.4289	0.4396	0.4176	0.437	0.4003	0.423	0.414	0.414	0.4776	0.4727	0.4762	0.4632	0.4816	0.4439	0.4651	0.4933	0.4299	0.4632	0.4981	0.4994	0.4573	0.4606	0.4455	0.5258	0.4436
A50HnCp7r12	0.3203	0.3843	0.3321	0.3382	0.3682	0.3379	0.362	0.3611	0.3284	0.3479	0.306	0.3359	0.3263	0.0	0.3585	0.4116	0.4308	0.3785	0.3977	0.4128	0.4388	0.4556	0.4159	0.4706	0.4889	0.4582	0.4178	0.4446	0.4333	0.4239	0.4816	0.5034	0.4973	0.5279	0.4887	0.4675	0.5145	0.4868	0.4751	0.4666	0.503	0.4487	0.4925	0.4769	0.4998	0.5149	0.5318	0.4869	0.508	0.5266	0.4856	0.5241	0.5347	0.4871	0.5177	0.5228	0.5325	0.4939	0.499	0.5289	0.5586	0.4834
A50HnCp7r3	0.3028	0.3603	0.2876	0.3278	0.2997	0.3107	0.3788	0.2706	0.3397	0.2717	0.3383	0.3361	0.3329	0.3585	0.0	0.3288	0.357	0.3791	0.3598	0.3315	0.3517	0.3944	0.3453	0.3979	0.381	0.4136	0.3324	0.3548	0.3367	0.3406	0.4596	0.468	0.4446	0.4753	0.466	0.4496	0.4872	0.4559	0.4749	0.418	0.5011	0.4173	0.4355	0.4389	0.4581	0.4814	0.5113	0.4422	0.4745	0.4794	0.4765	0.4539	0.4702	0.4394	0.4385	0.4606	0.5231	0.4924	0.4906	0.4367	0.568	0.4569
IR24HnCp7r14	0.3753	0.3897	0.3581	0.391	0.3678	0.3585	0.3919	0.36	0.3641	0.3278	0.3685	0.3769	0.3772	0.4116	0.3288	0.0	0.3258	0.379	0.3112	0.2935	0.297	0.3273	0.3147	0.3632	0.3657	0.3728	0.3015	0.3091	0.3407	0.3159	0.466	0.5033	0.4579	0.4964	0.5015	0.445	0.5012	0.4585	0.4699	0.4348	0.4874	0.4218	0.4584	0.4403	0.4837	0.4435	0.4761	0.4025	0.4333	0.4351	0.429	0.4366	0.4292	0.4185	0.4224	0.4222	0.4828	0.4505	0.4549	0.4116	0.5148	0.432
IR24HnCp7r13	0.3834	0.3801	0.364	0.3934	0.3515	0.3574	0.4009	0.3156	0.3946	0.3297	0.372	0.4165	0.3997	0.4308	0.357	0.3258	0.0	0.416	0.3249	0.3182	0.3239	0.3437	0.3075	0.3341	0.3177	0.3403	0.3044	0.2711	0.3005	0.2793	0.4957	0.5253	0.5139	0.518	0.4986	0.47	0.5174	0.4446	0.5004	0.4544	0.5343	0.4604	0.4595	0.4549	0.5028	0.4541	0.4975	0.4255	0.4552	0.4663	0.4277	0.4847	0.4461	0.4411	0.4606	0.4033	0.473	0.4616	0.4919	0.4413	0.5273	0.4614
IR24HnCp7r1	0.3883	0.3804	0.3502	0.3804	0.3737	0.3308	0.4067	0.3792	0.2969	0.3538	0.383	0.3728	0.3887	0.3785	0.3791	0.379	0.416	0.0	0.4102	0.3933	0.3911	0.4259	0.4089	0.4144	0.4647	0.5053	0.4361	0.4237	0.4603	0.4079	0.4695	0.559	0.4967	0.5604	0.5454	0.4892	0.5397	0.5351	0.5247	0.4657	0.5264	0.4999	0.4981	0.4756	0.5272	0.5053	0.562	0.4133	0.4511	0.4613	0.4889	0.492	0.4871	0.4523	0.4236	0.4319	0.5676	0.4654	0.49	0.4608	0.534	0.4735
IR24HnCp7r12	0.3469	0.3455	0.3317	0.3559	0.3632	0.3282	0.3796	0.3571	0.3771	0.3298	0.3504	0.3946	0.367	0.3977	0.3598	0.3112	0.3249	0.4102	0.0	0.2759	0.3335	0.3175	0.29	0.3693	0.3414	0.3231	0.2821	0.2912	0.3035	0.331	0.471	0.5053	0.4949	0.5097	0.5021	0.4458	0.5043	0.4255	0.4761	0.4338	0.5108	0.4394	0.4569	0.4334	0.4827	0.425	0.4485	0.4122	0.4361	0.4587	0.4058	0.4699	0.441	0.4117	0.4617	0.4357	0.4516	0.4479	0.4714	0.4344	0.5103	0.4268
IR24HnCp7r11	0.3568	0.3462	0.3364	0.3647	0.3512	0.3221	0.3663	0.3491	0.3603	0.3082	0.3501	0.4083	0.3734	0.4128	0.3315	0.2935	0.3182	0.3933	0.2759	0.0	0.2974	0.2917	0.2913	0.33	0.3221	0.3411	0.2856	0.2798	0.298	0.2974	0.4661	0.5082	0.4778	0.5007	0.507	0.4444	0.4882	0.435	0.4766	0.4453	0.5128	0.4413	0.4485	0.4263	0.4752	0.4316	0.487	0.4034	0.4242	0.4341	0.4254	0.4711	0.4292	0.4076	0.4326	0.42	0.4624	0.4419	0.4573	0.3996	0.5098	0.4318
IR24HnCp7r10	0.3604	0.3992	0.3488	0.4122	0.3666	0.3454	0.4126	0.3309	0.3846	0.315	0.3978	0.397	0.3806	0.4388	0.3517	0.297	0.3239	0.3911	0.3335	0.2974	0.0	0.3397	0.3346	0.3114	0.3268	0.3935	0.309	0.3075	0.3441	0.2982	0.4203	0.4735	0.4493	0.4679	0.4662	0.4153	0.4684	0.4505	0.4371	0.4037	0.4664	0.4231	0.4192	0.4093	0.4503	0.4347	0.4475	0.397	0.4042	0.4007	0.4277	0.4166	0.4089	0.3599	0.3816	0.4025	0.4721	0.4298	0.4278	0.3573	0.5052	0.4131
IR24HnCp7r4	0.4143	0.3971	0.3863	0.4094	0.4058	0.3548	0.3826	0.4052	0.4045	0.3731	0.3964	0.4492	0.4153	0.4556	0.3944	0.3273	0.3437	0.4259	0.3175	0.2917	0.3397	0.0	0.3426	0.3276	0.3332	0.3411	0.3281	0.2838	0.3466	0.3235	0.4831	0.5321	0.4926	0.5188	0.5288	0.4451	0.5048	0.4538	0.5065	0.4671	0.5256	0.4637	0.4593	0.4381	0.4759	0.4378	0.49	0.4144	0.4145	0.4287	0.431	0.4739	0.421	0.4123	0.4457	0.3976	0.4547	0.4293	0.4746	0.4224	0.4776	0.4497
IR24HnCp7r8	0.3522	0.3773	0.339	0.3634	0.3308	0.3495	0.4064	0.341	0.3893	0.3288	0.3695	0.3985	0.4033	0.4159	0.3453	0.3147	0.3075	0.4089	0.29	0.2913	0.3346	0.3426	0.0	0.3429	0.3419	0.3401	0.2767	0.2776	0.2992	0.2962	0.4756	0.5042	0.5034	0.5167	0.4734	0.4612	0.509	0.4392	0.4853	0.4356	0.5107	0.432	0.4699	0.4459	0.4899	0.4314	0.4832	0.412	0.4566	0.4714	0.4376	0.4889	0.4573	0.4241	0.4504	0.4277	0.4917	0.4734	0.4834	0.4325	0.5428	0.4377
IR24HnCp7r6	0.4159	0.4235	0.3974	0.4349	0.3941	0.3852	0.4278	0.3842	0.4172	0.3615	0.4199	0.4639	0.4357	0.4706	0.3979	0.3632	0.3341	0.4144	0.3693	0.33	0.3114	0.3276	0.3429	0.0	0.3406	0.3965	0.347	0.3197	0.3854	0.2992	0.4728	0.5192	0.4979	0.5259	0.5241	0.4557	0.5216	0.4731	0.5123	0.4545	0.5214	0.4749	0.4693	0.4489	0.5003	0.4467	0.5029	0.412	0.4362	0.4375	0.4547	0.487	0.4286	0.4162	0.422	0.3994	0.4885	0.4424	0.4677	0.4097	0.5159	0.4632
IR24HnCp7r9	0.4007	0.4012	0.3866	0.4243	0.3877	0.3786	0.4349	0.3665	0.4463	0.3555	0.423	0.4688	0.4493	0.4889	0.381	0.3657	0.3177	0.4647	0.3414	0.3221	0.3268	0.3332	0.3419	0.3406	0.0	0.3313	0.3008	0.2756	0.3388	0.3	0.4902	0.5009	0.5107	0.5023	0.5012	0.4636	0.508	0.4436	0.5151	0.4538	0.5353	0.4734	0.4448	0.4431	0.4959	0.4371	0.4602	0.4289	0.4292	0.4394	0.4374	0.4717	0.4114	0.4193	0.4272	0.4046	0.4394	0.4514	0.4803	0.4139	0.5064	0.452
IR24HnCp7r5	0.4001	0.408	0.3992	0.4033	0.3895	0.4061	0.4168	0.3939	0.463	0.3965	0.4088	0.4475	0.4431	0.4582	0.4136	0.3728	0.3403	0.5053	0.3231	0.3411	0.3935	0.3411	0.3401	0.3965	0.3313	0.0	0.317	0.3098	0.3233	0.3501	0.503	0.5104	0.5002	0.5118	0.4646	0.4625	0.5143	0.4127	0.4975	0.4626	0.5294	0.4566	0.4543	0.4524	0.4946	0.4443	0.4767	0.4793	0.453	0.4839	0.4326	0.4823	0.4519	0.4344	0.4816	0.461	0.4616	0.4753	0.495	0.4663	0.5283	0.4559
IR24HnCp7r3	0.3566	0.3716	0.3332	0.3675	0.3422	0.3254	0.4006	0.3236	0.3832	0.3201	0.3633	0.3942	0.3854	0.4178	0.3324	0.3015	0.3044	0.4361	0.2821	0.2856	0.309	0.3281	0.2767	0.347	0.3008	0.317	0.0	0.2666	0.2897	0.2898	0.4705	0.5031	0.4921	0.4987	0.4818	0.4428	0.5019	0.4262	0.4843	0.4289	0.4988	0.4323	0.4549	0.443	0.4907	0.4319	0.472	0.4081	0.4463	0.4533	0.4316	0.4684	0.433	0.4091	0.4423	0.4378	0.4628	0.4609	0.4735	0.4211	0.5295	0.4235
IR24HnCp7r15	0.3854	0.3745	0.3744	0.3932	0.3674	0.3606	0.3835	0.3585	0.4103	0.3262	0.3889	0.4406	0.4143	0.4446	0.3548	0.3091	0.2711	0.4237	0.2912	0.2798	0.3075	0.2838	0.2776	0.3197	0.2756	0.3098	0.2666	0.0	0.3063	0.2627	0.487	0.5229	0.5068	0.5092	0.5076	0.4614	0.516	0.4443	0.5054	0.4603	0.5265	0.4581	0.4585	0.4471	0.5006	0.4351	0.48	0.403	0.44	0.4537	0.4326	0.4816	0.4398	0.4212	0.4396	0.3861	0.4684	0.4516	0.481	0.4295	0.5087	0.4481
IR24HnCp7r2	0.3666	0.3591	0.3501	0.3731	0.3656	0.3453	0.3953	0.3528	0.4091	0.3393	0.376	0.404	0.3674	0.4333	0.3367	0.3407	0.3005	0.4603	0.3035	0.298	0.3441	0.3466	0.2992	0.3854	0.3388	0.3233	0.2897	0.3063	0.0	0.3174	0.4701	0.4966	0.4953	0.4861	0.4722	0.4655	0.5033	0.442	0.4956	0.4347	0.5189	0.4547	0.4359	0.4442	0.469	0.4598	0.4888	0.4499	0.4653	0.4831	0.4527	0.4747	0.4612	0.4345	0.4817	0.4678	0.4909	0.4827	0.4915	0.4437	0.5415	0.4585
IR24HnCp7r7	0.3704	0.3854	0.3744	0.3908	0.3474	0.3375	0.3869	0.3335	0.3913	0.331	0.3711	0.4045	0.3883	0.4239	0.3406	0.3159	0.2793	0.4079	0.331	0.2974	0.2982	0.3235	0.2962	0.2992	0.3	0.3501	0.2898	0.2627	0.3174	0.0	0.4615	0.492	0.4891	0.5032	0.4968	0.44	0.4876	0.4414	0.4924	0.4236	0.5116	0.4407	0.4505	0.4454	0.4995	0.4423	0.4884	0.4084	0.4307	0.4406	0.4477	0.465	0.4407	0.4144	0.4316	0.3968	0.4939	0.4505	0.4707	0.4138	0.5196	0.435
A50HnSz7r6	0.4474	0.4414	0.453	0.4798	0.4574	0.4406	0.4675	0.4612	0.4743	0.4512	0.441	0.4347	0.4082	0.4816	0.4596	0.466	0.4957	0.4695	0.471	0.4661	0.4203	0.4831	0.4756	0.4728	0.4902	0.503	0.4705	0.487	0.4701	0.4615	0.0	0.3391	0.3251	0.3483	0.3934	0.3139	0.3488	0.3815	0.3472	0.2894	0.3354	0.3223	0.3252	0.3079	0.3368	0.4038	0.4184	0.4278	0.3616	0.3565	0.3814	0.3707	0.4298	0.3274	0.3379	0.4588	0.4641	0.3772	0.3621	0.3753	0.4632	0.3739
A50HnSz7r9	0.4589	0.4987	0.4859	0.4991	0.4984	0.4834	0.5039	0.4798	0.5285	0.4797	0.4725	0.4494	0.4429	0.5034	0.468	0.5033	0.5253	0.559	0.5053	0.5082	0.4735	0.5321	0.5042	0.5192	0.5009	0.5104	0.5031	0.5229	0.4966	0.492	0.3391	0.0	0.3567	0.3331	0.4043	0.3745	0.3527	0.369	0.3156	0.327	0.3734	0.3372	0.3834	0.3894	0.3588	0.4318	0.4178	0.4731	0.4392	0.4298	0.4091	0.4291	0.4656	0.393	0.4056	0.4961	0.4408	0.4341	0.4079	0.4173	0.5014	0.4284
A50HnSz7r14	0.4725	0.4745	0.4855	0.4898	0.4841	0.4718	0.4641	0.4851	0.512	0.4742	0.4558	0.452	0.427	0.4973	0.4446	0.4579	0.5139	0.4967	0.4949	0.4778	0.4493	0.4926	0.5034	0.4979	0.5107	0.5002	0.4921	0.5068	0.4953	0.4891	0.3251	0.3567	0.0	0.3454	0.4233	0.3193	0.3116	0.3689	0.3411	0.3508	0.318	0.3187	0.3598	0.317	0.3356	0.4232	0.4376	0.4739	0.3846	0.3703	0.4008	0.3374	0.4606	0.3645	0.3675	0.4744	0.4561	0.3742	0.3575	0.4145	0.4857	0.4044
A50HnSz7r1	0.4901	0.4992	0.4884	0.5192	0.5015	0.4938	0.4917	0.4894	0.5339	0.4964	0.4836	0.4799	0.436	0.5279	0.4753	0.4964	0.518	0.5604	0.5097	0.5007	0.4679	0.5188	0.5167	0.5259	0.5023	0.5118	0.4987	0.5092	0.4861	0.5032	0.3483	0.3331	0.3454	0.0	0.4181	0.3371	0.3396	0.3702	0.3568	0.3621	0.3645	0.3674	0.3674	0.3378	0.3192	0.4076	0.4287	0.4927	0.4194	0.4189	0.4093	0.4057	0.4643	0.3876	0.3826	0.4804	0.4466	0.4441	0.4046	0.408	0.5004	0.4123
A50HnSz7r7	0.4508	0.483	0.4549	0.4596	0.4489	0.4857	0.5076	0.439	0.5071	0.4788	0.4758	0.4372	0.4464	0.4887	0.466	0.5015	0.4986	0.5454	0.5021	0.507	0.4662	0.5288	0.4734	0.5241	0.5012	0.4646	0.4818	0.5076	0.4722	0.4968	0.3934	0.4043	0.4233	0.4181	0.0	0.3898	0.4403	0.3812	0.4184	0.3746	0.4393	0.395	0.3796	0.3757	0.4105	0.4353	0.4454	0.5045	0.4598	0.4638	0.4231	0.427	0.4647	0.3998	0.4248	0.5144	0.511	0.465	0.4464	0.4495	0.5443	0.4269
A50HnSz7r8	0.4364	0.4384	0.4399	0.4623	0.4421	0.4394	0.4434	0.4372	0.4626	0.4365	0.4292	0.4434	0.4116	0.4675	0.4496	0.445	0.47	0.4892	0.4458	0.4444	0.4153	0.4451	0.4612	0.4557	0.4636	0.4625	0.4428	0.4614	0.4655	0.44	0.3139	0.3745	0.3193	0.3371	0.3898	0.0	0.3225	0.3485	0.3595	0.3047	0.2939	0.3221	0.3395	0.2865	0.3565	0.3661	0.3896	0.4126	0.3533	0.3649	0.3534	0.3532	0.4075	0.3292	0.3489	0.4162	0.4241	0.3594	0.3387	0.3641	0.4415	0.3443
A50HnSz7r5	0.4815	0.4855	0.4881	0.509	0.4956	0.4802	0.4822	0.4898	0.524	0.4803	0.465	0.4939	0.4447	0.5145	0.4872	0.5012	0.5174	0.5397	0.5043	0.4882	0.4684	0.5048	0.509	0.5216	0.508	0.5143	0.5019	0.516	0.5033	0.4876	0.3488	0.3527	0.3116	0.3396	0.4403	0.3225	0.0	0.3633	0.3573	0.3695	0.315	0.3532	0.3757	0.3149	0.3447	0.4064	0.4201	0.473	0.4025	0.3919	0.3809	0.3996	0.4534	0.379	0.4084	0.4732	0.4416	0.4009	0.3965	0.408	0.4751	0.4089
A50HnSz7r12	0.4433	0.4392	0.4492	0.4535	0.4484	0.4332	0.4409	0.4443	0.5008	0.4552	0.4296	0.4678	0.4289	0.4868	0.4559	0.4585	0.4446	0.5351	0.4255	0.435	0.4505	0.4538	0.4392	0.4731	0.4436	0.4127	0.4262	0.4443	0.442	0.4414	0.3815	0.369	0.3689	0.3702	0.3812	0.3485	0.3633	0.0	0.3717	0.3604	0.4051	0.3258	0.3657	0.3512	0.3644	0.3867	0.3899	0.4549	0.4123	0.4548	0.3661	0.4354	0.4284	0.3783	0.4169	0.4514	0.4076	0.4104	0.403	0.4172	0.4933	0.3816
A50HnSz7r10	0.4503	0.4789	0.4588	0.4836	0.4611	0.4712	0.4827	0.4631	0.4909	0.4569	0.4462	0.4337	0.4396	0.4751	0.4749	0.4699	0.5004	0.5247	0.4761	0.4766	0.4371	0.5065	0.4853	0.5123	0.5151	0.4975	0.4843	0.5054	0.4956	0.4924	0.3472	0.3156	0.3411	0.3568	0.4184	0.3595	0.3573	0.3717	0.0	0.3434	0.3499	0.33	0.3846	0.368	0.3405	0.4354	0.4186	0.4678	0.4285	0.4319	0.4104	0.4139	0.4617	0.3777	0.3984	0.4961	0.4506	0.4474	0.3726	0.4322	0.5143	0.4001
A50HnSz7r13	0.402	0.4162	0.4069	0.4251	0.4181	0.3963	0.4604	0.4052	0.4441	0.4151	0.4307	0.3935	0.4176	0.4666	0.418	0.4348	0.4544	0.4657	0.4338	0.4453	0.4037	0.4671	0.4356	0.4545	0.4538	0.4626	0.4289	0.4603	0.4347	0.4236	0.2894	0.327	0.3508	0.3621	0.3746	0.3047	0.3695	0.3604	0.3434	0.0	0.3573	0.2831	0.3212	0.3386	0.3712	0.3858	0.4035	0.3846	0.3898	0.3844	0.3858	0.3716	0.4111	0.3203	0.3458	0.4296	0.4399	0.3936	0.3743	0.3679	0.485	0.3513
A50HnSz7r4	0.4837	0.5001	0.4902	0.5222	0.4894	0.4991	0.4913	0.4982	0.5087	0.4906	0.472	0.4706	0.437	0.503	0.5011	0.4874	0.5343	0.5264	0.5108	0.5128	0.4664	0.5256	0.5107	0.5214	0.5353	0.5294	0.4988	0.5265	0.5189	0.5116	0.3354	0.3734	0.318	0.3645	0.4393	0.2939	0.315	0.4051	0.3499	0.3573	0.0	0.339	0.3906	0.3428	0.3532	0.4524	0.4539	0.4816	0.4312	0.4263	0.4339	0.403	0.489	0.383	0.3943	0.4959	0.4874	0.4379	0.39	0.4318	0.5182	0.406
A50HnSz7r11	0.4099	0.4425	0.4167	0.4265	0.4262	0.4261	0.4423	0.4223	0.4732	0.4284	0.4093	0.3871	0.4003	0.4487	0.4173	0.4218	0.4604	0.4999	0.4394	0.4413	0.4231	0.4637	0.432	0.4749	0.4734	0.4566	0.4323	0.4581	0.4547	0.4407	0.3223	0.3372	0.3187	0.3674	0.395	0.3221	0.3532	0.3258	0.33	0.2831	0.339	0.0	0.3597	0.3535	0.3584	0.4279	0.4173	0.4421	0.4239	0.4325	0.3962	0.4062	0.4631	0.3695	0.4099	0.4731	0.4412	0.423	0.391	0.4176	0.5146	0.3762
A50HnSz7r15	0.4353	0.4305	0.4405	0.4611	0.4318	0.4271	0.463	0.4318	0.4775	0.4403	0.4501	0.4407	0.423	0.4925	0.4355	0.4584	0.4595	0.4981	0.4569	0.4485	0.4192	0.4593	0.4699	0.4693	0.4448	0.4543	0.4549	0.4585	0.4359	0.4505	0.3252	0.3834	0.3598	0.3674	0.3796	0.3395	0.3757	0.3657	0.3846	0.3212	0.3906	0.3597	0.0	0.3229	0.3444	0.3961	0.4056	0.4461	0.3569	0.3655	0.3681	0.3905	0.4002	0.3369	0.3524	0.4497	0.4346	0.3724	0.3831	0.3594	0.4621	0.3777
A50HnSz7r3	0.4333	0.4253	0.44	0.4573	0.4477	0.4266	0.4355	0.448	0.4715	0.4326	0.43	0.4454	0.414	0.4769	0.4389	0.4403	0.4549	0.4756	0.4334	0.4263	0.4093	0.4381	0.4459	0.4489	0.4431	0.4524	0.443	0.4471	0.4442	0.4454	0.3079	0.3894	0.317	0.3378	0.3757	0.2865	0.3149	0.3512	0.368	0.3386	0.3428	0.3535	0.3229	0.0	0.3232	0.3457	0.38	0.4171	0.3318	0.3325	0.3217	0.3417	0.3858	0.3068	0.3242	0.4023	0.4064	0.3377	0.3505	0.3551	0.4202	0.3568
A50HnSz7r2	0.4747	0.4756	0.4719	0.4944	0.4715	0.4707	0.4682	0.4777	0.5056	0.4769	0.4548	0.4571	0.414	0.4998	0.4581	0.4837	0.5028	0.5272	0.4827	0.4752	0.4503	0.4759	0.4899	0.5003	0.4959	0.4946	0.4907	0.5006	0.469	0.4995	0.3368	0.3588	0.3356	0.3192	0.4105	0.3565	0.3447	0.3644	0.3405	0.3712	0.3532	0.3584	0.3444	0.3232	0.0	0.4162	0.4251	0.4867	0.4125	0.3995	0.3896	0.3995	0.4389	0.3743	0.381	0.4667	0.4437	0.4146	0.4054	0.4084	0.4861	0.4
IR24HnSz7r11	0.4734	0.4564	0.4645	0.464	0.4856	0.4579	0.4577	0.4773	0.4881	0.469	0.4682	0.5006	0.4776	0.5149	0.4814	0.4435	0.4541	0.5053	0.425	0.4316	0.4347	0.4378	0.4314	0.4467	0.4371	0.4443	0.4319	0.4351	0.4598	0.4423	0.4038	0.4318	0.4232	0.4076	0.4353	0.3661	0.4064	0.3867	0.4354	0.3858	0.4524	0.4279	0.3961	0.3457	0.4162	0.0	0.3308	0.3537	0.3385	0.3483	0.2996	0.3711	0.3063	0.3183	0.3559	0.3295	0.3335	0.3384	0.3626	0.3282	0.3786	0.3579
IR24HnSz7r12	0.4885	0.5044	0.492	0.5178	0.5018	0.4949	0.51	0.4985	0.5369	0.4922	0.4945	0.5005	0.4727	0.5318	0.5113	0.4761	0.4975	0.562	0.4485	0.487	0.4475	0.49	0.4832	0.5029	0.4602	0.4767	0.472	0.48	0.4888	0.4884	0.4184	0.4178	0.4376	0.4287	0.4454	0.3896	0.4201	0.3899	0.4186	0.4035	0.4539	0.4173	0.4056	0.38	0.4251	0.3308	0.0	0.3891	0.3981	0.3718	0.3577	0.3742	0.3297	0.3331	0.377	0.4026	0.3454	0.365	0.3934	0.3407	0.3967	0.3935
IR24HnSz7r17	0.4554	0.4552	0.4111	0.4539	0.4332	0.4077	0.4755	0.4336	0.4148	0.4158	0.4659	0.4744	0.4762	0.4869	0.4422	0.4025	0.4255	0.4133	0.4122	0.4034	0.397	0.4144	0.412	0.412	0.4289	0.4793	0.4081	0.403	0.4499	0.4084	0.4278	0.4731	0.4739	0.4927	0.5045	0.4126	0.473	0.4549	0.4678	0.3846	0.4816	0.4421	0.4461	0.4171	0.4867	0.3537	0.3891	0.0	0.3646	0.3451	0.389	0.4151	0.3206	0.312	0.3482	0.2601	0.3716	0.335	0.41	0.3233	0.3466	0.3936
IR24HnSz7r13	0.4671	0.4537	0.4614	0.479	0.4672	0.4293	0.4605	0.4641	0.4652	0.451	0.4694	0.4951	0.4632	0.508	0.4745	0.4333	0.4552	0.4511	0.4361	0.4242	0.4042	0.4145	0.4566	0.4362	0.4292	0.453	0.4463	0.44	0.4653	0.4307	0.3616	0.4392	0.3846	0.4194	0.4598	0.3533	0.4025	0.4123	0.4285	0.3898	0.4312	0.4239	0.3569	0.3318	0.4125	0.3385	0.3981	0.3646	0.0	0.2966	0.3344	0.3255	0.3394	0.289	0.3115	0.3724	0.3887	0.2919	0.3015	0.3265	0.3864	0.3371
IR24HnSz7r7	0.4843	0.4813	0.4633	0.5117	0.4744	0.4493	0.4947	0.4754	0.481	0.4516	0.4871	0.4851	0.4816	0.5266	0.4794	0.4351	0.4663	0.4613	0.4587	0.4341	0.4007	0.4287	0.4714	0.4375	0.4394	0.4839	0.4533	0.4537	0.4831	0.4406	0.3565	0.4298	0.3703	0.4189	0.4638	0.3649	0.3919	0.4548	0.4319	0.3844	0.4263	0.4325	0.3655	0.3325	0.3995	0.3483	0.3718	0.3451	0.2966	0.0	0.3562	0.3275	0.3162	0.2891	0.2775	0.3312	0.3702	0.2621	0.3484	0.3132	0.3651	0.3915
IR24HnSz7r14	0.4496	0.4442	0.4519	0.4625	0.4593	0.4354	0.4461	0.4639	0.4668	0.4532	0.4371	0.4743	0.4439	0.4856	0.4765	0.429	0.4277	0.4889	0.4058	0.4254	0.4277	0.431	0.4376	0.4547	0.4374	0.4326	0.4316	0.4326	0.4527	0.4477	0.3814	0.4091	0.4008	0.4093	0.4231	0.3534	0.3809	0.3661	0.4104	0.3858	0.4339	0.3962	0.3681	0.3217	0.3896	0.2996	0.3577	0.389	0.3344	0.3562	0.0	0.3856	0.3445	0.3371	0.3786	0.3741	0.3315	0.3197	0.3681	0.3675	0.3896	0.3563
IR24HnSz7r1	0.487	0.494	0.4808	0.494	0.4848	0.4763	0.5069	0.4777	0.5027	0.464	0.5005	0.4621	0.4651	0.5241	0.4539	0.4366	0.4847	0.492	0.4699	0.4711	0.4166	0.4739	0.4889	0.487	0.4717	0.4823	0.4684	0.4816	0.4747	0.465	0.3707	0.4291	0.3374	0.4057	0.427	0.3532	0.3996	0.4354	0.4139	0.3716	0.403	0.4062	0.3905	0.3417	0.3995	0.3711	0.3742	0.4151	0.3255	0.3275	0.3856	0.0	0.3614	0.3006	0.3249	0.4172	0.4585	0.3706	0.3172	0.3344	0.445	0.349
IR24HnSz7r6	0.489	0.4791	0.4412	0.4946	0.4596	0.444	0.499	0.4567	0.4557	0.4467	0.4872	0.5171	0.4933	0.5347	0.4702	0.4292	0.4461	0.4871	0.441	0.4292	0.4089	0.421	0.4573	0.4286	0.4114	0.4519	0.433	0.4398	0.4612	0.4407	0.4298	0.4656	0.4606	0.4643	0.4647	0.4075	0.4534	0.4284	0.4617	0.4111	0.489	0.4631	0.4002	0.3858	0.4389	0.3063	0.3297	0.3206	0.3394	0.3162	0.3445	0.3614	0.0	0.3079	0.3261	0.3172	0.3373	0.3271	0.3962	0.2981	0.3625	0.3994
IR24HnSz7r2	0.4234	0.4402	0.4127	0.4453	0.4181	0.4011	0.469	0.4121	0.4402	0.418	0.4504	0.4374	0.4299	0.4871	0.4394	0.4185	0.4411	0.4523	0.4117	0.4076	0.3599	0.4123	0.4241	0.4162	0.4193	0.4344	0.4091	0.4212	0.4345	0.4144	0.3274	0.393	0.3645	0.3876	0.3998	0.3292	0.379	0.3783	0.3777	0.3203	0.383	0.3695	0.3369	0.3068	0.3743	0.3183	0.3331	0.312	0.289	0.2891	0.3371	0.3006	0.3079	0.0	0.2856	0.3459	0.3693	0.3141	0.3147	0.2713	0.3986	0.3045
IR24HnSz7r5	0.465	0.4894	0.4271	0.4926	0.4329	0.4304	0.5004	0.4369	0.4479	0.4306	0.4893	0.4541	0.4632	0.5177	0.4385	0.4224	0.4606	0.4236	0.4617	0.4326	0.3816	0.4457	0.4504	0.422	0.4272	0.4816	0.4423	0.4396	0.4817	0.4316	0.3379	0.4056	0.3675	0.3826	0.4248	0.3489	0.4084	0.4169	0.3984	0.3458	0.3943	0.4099	0.3524	0.3242	0.381	0.3559	0.377	0.3482	0.3115	0.2775	0.3786	0.3249	0.3261	0.2856	0.0	0.3402	0.4242	0.325	0.3347	0.273	0.4203	0.3699
IR24HnSz7r16	0.4973	0.4902	0.4452	0.4832	0.464	0.4485	0.4765	0.4624	0.449	0.4367	0.4971	0.5134	0.4981	0.5228	0.4606	0.4222	0.4033	0.4319	0.4357	0.42	0.4025	0.3976	0.4277	0.3994	0.4046	0.461	0.4378	0.3861	0.4678	0.3968	0.4588	0.4961	0.4744	0.4804	0.5144	0.4162	0.4732	0.4514	0.4961	0.4296	0.4959	0.4731	0.4497	0.4023	0.4667	0.3295	0.4026	0.2601	0.3724	0.3312	0.3741	0.4172	0.3172	0.3459	0.3402	0.0	0.3447	0.3266	0.4262	0.3409	0.3506	0.4061
IR24HnSz7r8	0.508	0.4959	0.5049	0.5031	0.5275	0.4814	0.4802	0.5153	0.5286	0.5041	0.4813	0.5417	0.4994	0.5325	0.5231	0.4828	0.473	0.5676	0.4516	0.4624	0.4721	0.4547	0.4917	0.4885	0.4394	0.4616	0.4628	0.4684	0.4909	0.4939	0.4641	0.4408	0.4561	0.4466	0.511	0.4241	0.4416	0.4076	0.4506	0.4399	0.4874	0.4412	0.4346	0.4064	0.4437	0.3335	0.3454	0.3716	0.3887	0.3702	0.3315	0.4585	0.3373	0.3693	0.4242	0.3447	0.0	0.3258	0.4152	0.388	0.3542	0.4211
IR24HnSz7r4	0.4679	0.4552	0.4743	0.4931	0.4876	0.4376	0.4634	0.4864	0.4779	0.4669	0.4537	0.4873	0.4573	0.4939	0.4924	0.4505	0.4616	0.4654	0.4479	0.4419	0.4298	0.4293	0.4734	0.4424	0.4514	0.4753	0.4609	0.4516	0.4827	0.4505	0.3772	0.4341	0.3742	0.4441	0.465	0.3594	0.4009	0.4104	0.4474	0.3936	0.4379	0.423	0.3724	0.3377	0.4146	0.3384	0.365	0.335	0.2919	0.2621	0.3197	0.3706	0.3271	0.3141	0.325	0.3266	0.3258	0.0	0.3424	0.3587	0.3331	0.3767
IR24HnSz7r15	0.476	0.4815	0.493	0.4966	0.4814	0.4696	0.4829	0.4809	0.4967	0.4737	0.4684	0.4839	0.4606	0.499	0.4906	0.4549	0.4919	0.49	0.4714	0.4573	0.4278	0.4746	0.4834	0.4677	0.4803	0.495	0.4735	0.481	0.4915	0.4707	0.3621	0.4079	0.3575	0.4046	0.4464	0.3387	0.3965	0.403	0.3726	0.3743	0.39	0.391	0.3831	0.3505	0.4054	0.3626	0.3934	0.41	0.3015	0.3484	0.3681	0.3172	0.3962	0.3147	0.3347	0.4262	0.4152	0.3424	0.0	0.3414	0.4303	0.2967
IR24HnSz7r3	0.4589	0.4715	0.4234	0.4769	0.4366	0.4242	0.4894	0.4237	0.4506	0.4155	0.4863	0.4725	0.4455	0.5289	0.4367	0.4116	0.4413	0.4608	0.4344	0.3996	0.3573	0.4224	0.4325	0.4097	0.4139	0.4663	0.4211	0.4295	0.4437	0.4138	0.3753	0.4173	0.4145	0.408	0.4495	0.3641	0.408	0.4172	0.4322	0.3679	0.4318	0.4176	0.3594	0.3551	0.4084	0.3282	0.3407	0.3233	0.3265	0.3132	0.3675	0.3344	0.2981	0.2713	0.273	0.3409	0.388	0.3587	0.3414	0.0	0.4039	0.3678
IR24HnSz7r10	0.5539	0.5202	0.5427	0.5498	0.5725	0.5128	0.4947	0.5657	0.5373	0.5389	0.5221	0.5733	0.5258	0.5586	0.568	0.5148	0.5273	0.534	0.5103	0.5098	0.5052	0.4776	0.5428	0.5159	0.5064	0.5283	0.5295	0.5087	0.5415	0.5196	0.4632	0.5014	0.4857	0.5004	0.5443	0.4415	0.4751	0.4933	0.5143	0.485	0.5182	0.5146	0.4621	0.4202	0.4861	0.3786	0.3967	0.3466	0.3864	0.3651	0.3896	0.445	0.3625	0.3986	0.4203	0.3506	0.3542	0.3331	0.4303	0.4039	0.0	0.4606
IR24HnSz7r9	0.4364	0.4428	0.4381	0.4543	0.4429	0.4287	0.472	0.4462	0.4599	0.4461	0.4494	0.4492	0.4436	0.4834	0.4569	0.432	0.4614	0.4735	0.4268	0.4318	0.4131	0.4497	0.4377	0.4632	0.452	0.4559	0.4235	0.4481	0.4585	0.435	0.3739	0.4284	0.4044	0.4123	0.4269	0.3443	0.4089	0.3816	0.4001	0.3513	0.406	0.3762	0.3777	0.3568	0.4	0.3579	0.3935	0.3936	0.3371	0.3915	0.3563	0.349	0.3994	0.3045	0.3699	0.4061	0.4211	0.3767	0.2967	0.3678	0.4606	0.0